23.706937074661255
24.124140977859497
24.35894513130188
23.71487832069397
24.184751272201538
24.016979694366455
24.074093341827393
23.720468759536743
23.849335193634033
23.6583890914917
23.807734727859497
23.613383054733276
23.94072914123535
24.52553629875183
24.656562566757202
24.083231687545776
23.913289546966553
23.76811981201172
23.684459686279297
24.023364305496216
23.793758392333984
23.555663108825684
23.7435941696167
23.668376922607422
23.700538873672485
23.54461646080017
23.567683458328247
23.991151094436646
23.962923526763916
23.766268253326416
23.75622057914734
23.72423267364502
23.82568383216858
23.840440273284912
23.633026361465454
23.749823331832886
23.981497049331665
23.677696466445923
23.996326684951782
23.58781123161316
23.877440452575684
23.79075264930725
23.767914533615112
24.095078229904175
23.775757312774658
24.185575485229492
23.917807817459106
23.617166996002197
23.614325523376465
23.935258626937866
23.74606990814209
23.73356533050537
23.819032669067383
24.34714674949646
23.69678497314453
23.885005712509155
23.779992818832397
23.981837034225464
23.725832223892212
23.86994194984436
23.80752205848694
24.02323865890503
23.885255336761475
23.692827939987183
23.91014003753662
23.66278862953186
23.838808059692383
23.743515968322754
23.833532333374023
24.002345085144043
23.794204473495483
24.18239116668701
24.052332401275635
23.701632499694824
23.98012399673462
23.767972230911255
24.01710319519043
23.697438716888428
23.801334142684937
23.818459272384644
23.733140468597412
23.950397968292236
23.704141855239868
23.948376655578613
24.050920009613037
23.748538970947266
23.86586856842041
23.766582489013672
23.87343430519104
23.55676245689392
23.768381118774414
23.72311019897461
23.43018865585327
23.786803245544434
23.716134309768677
23.878999948501587
23.77876353263855
23.893903970718384
23.866195678710938
23.625707864761353
