2.1219325065612793
2.204179525375366
2.1586716175079346
2.1320724487304688
2.2518117427825928
2.1005895137786865
2.110750436782837
2.1061203479766846
2.114715099334717
2.1018526554107666
2.1124143600463867
2.2510879039764404
2.0928280353546143
2.1087377071380615
2.204183578491211
2.1263954639434814
2.158839702606201
2.1585493087768555
2.1820321083068848
2.146770715713501
2.0558815002441406
2.1394577026367188
2.117159605026245
2.095025062561035
2.085348129272461
2.0610623359680176
2.1433162689208984
2.1761856079101562
2.0972394943237305
2.0547311305999756
2.103721857070923
2.079625129699707
2.090878963470459
2.0782687664031982
2.081207513809204
2.120736837387085
2.189434289932251
2.1133952140808105
2.090731382369995
2.095747947692871
2.106247901916504
2.141835927963257
2.0917000770568848
2.091769218444824
2.0634336471557617
2.1315009593963623
2.112311601638794
2.1207144260406494
2.0926644802093506
2.112961530685425
2.1071817874908447
2.092223882675171
2.1345131397247314
2.134204149246216
2.1095194816589355
2.1327922344207764
2.1444311141967773
2.093970775604248
2.1514430046081543
2.1350677013397217
2.129251003265381
2.1613075733184814
2.125345468521118
2.143728017807007
2.1403520107269287
2.149869203567505
2.072956085205078
2.1619362831115723
2.149793863296509
2.157150983810425
2.1384217739105225
2.094924211502075
2.1374309062957764
2.16306471824646
2.1820414066314697
2.1367673873901367
2.111077070236206
2.1156985759735107
2.0727756023406982
2.0872786045074463
2.127377510070801
2.067107915878296
2.1339707374572754
2.098250150680542
2.083387613296509
2.114197015762329
2.1432485580444336
2.0832700729370117
2.0846142768859863
2.1496360301971436
2.1107821464538574
2.06895112991333
2.1157262325286865
2.1810288429260254
2.080447196960449
2.2017557621002197
2.2012150287628174
2.153378486633301
2.1755311489105225
2.199524402618408
